-9.171822261580298008e-01
3.836344890238068683e-01
-7.067125291717709645e-01
1.493034666882234296e+00
-5.463746323190991072e-01
4.683863443507488289e-01
3.409480716873083961e-01
-3.864442919893857908e-01
-6.108209949957854601e-01
-7.239285021621673089e-01
1.852053444188638487e+00
3.964803579625647556e-01
5.612316632040208475e-01
-5.332477312814867809e-02
1.059458508692841194e+00
-2.135019550960230439e-01
4.476992719212437577e-01
1.550735637459749183e-01
6.774335994180250009e-02
1.582267214412991452e+00
1.288255274800111261e+00
-2.436734684031810760e-01
1.162154883684958451e+00
1.227892738709877030e+00
-6.680739675817856105e-01
-5.257826541442318646e-01
3.359255942802079065e-01
-1.796363872991460220e-01
3.433096584001955054e-01
-1.796522770864055485e-01
3.478751878962076938e-01
2.074926792878744042e-01
-2.310170569607405688e-01
8.547826735039794066e-01
2.175685905901545703e-01
-3.970515257695103051e-01
-7.025710036202784670e-01
7.520011383711816544e-01
7.389301260048423137e-01
1.329843194320031508e+00
3.236343037507832809e-01
9.774956072131802953e-01
-5.645123271599767900e-01
-3.426980120789253070e-01
-8.721167276507143518e-01
5.889431396154254025e-03
2.348901479100804768e-01
1.388847476587481977e-01
1.581435698157184877e+00
1.103270685813195762e+00
1.486795050725763456e+00
-7.455677237251234768e-01
2.856168490340842969e-01
-1.268581625040805960e+00
1.094088314744988688e+00
1.619003098929460815e+00
-1.912990415878531303e-01
-4.208849167200544028e-01
1.216622716003921356e+00
4.653381001758120639e-01
-5.987693307193688724e-02
-9.103211640560705531e-01
-3.931398345098292557e-01
2.899988044679081001e-01
-6.300605150128947285e-01
1.276991666212828669e+00
9.362837936616803525e-01
1.080678147515803822e+00
1.850237354432820114e+00
5.104618614062882143e-02
1.190280973197759495e+00
-1.864155787759331495e-01
1.470941266587730167e+00
4.571392226103681011e-01
8.242698129223038905e-02
-1.287372339737680838e+00
-7.128046151004719944e-01
1.176718834447471052e+00
-3.622268351910745143e-01
-5.022639515055692394e-01
6.203782412016979331e-01
2.761070549604891955e+00
2.940296159139998977e-01
-7.632313884952808269e-01
-8.412454606610819674e-01
-2.347964755138969739e+00
1.000814378457006271e+00
-2.279944421716244840e-01
-4.009948395690591805e-01
5.645126246870330045e-01
-6.447288640291160000e-01
-1.176964115864820304e+00
1.336891464958716913e+00
2.020219302798010874e-01
-6.112981370046537410e-01
-7.442166708372125461e-01
-3.521806570932746738e-01
-1.315864152402829168e+00
2.802705363977517350e-01
-7.375595038087519317e-02
-8.386783400360219298e-01
9.705234267521856140e-01
1.605892384315891430e+00
9.872877583911583432e-01
3.742355186163970893e-01
1.822607554276556296e-01
-1.788811013450214704e-01
-4.425209016100145609e-01
-5.876774317865341990e-01
4.140546439681956348e-01
8.188610313346442737e-01
8.772124511781191902e-01
-9.745504394909234591e-01
-5.767970468660649219e-01
-1.250598306006186933e+00
2.920190507629115695e-01
-8.233839706146973692e-01
-6.920496104176503405e-01
-4.251079926751390459e-01
-1.527763168820561290e+00
3.923175243974226789e-01
-3.789500331026459112e-01
-8.543294139965128542e-01
2.047037098667831234e+00
1.753040633782830815e-01
1.132993071545757013e+00
1.206954699305929246e+00
4.797366371303937727e-01
-1.872650621766650758e+00
-1.462615983925286134e-01
-3.041069435441062785e-01
-7.838868342471551065e-01
9.102009037338757436e-01
4.372719480449022700e-01
7.659737241827142828e-02
3.887963221696857374e-01
-9.915635670200095841e-01
-1.571528198351377081e-01
1.559413151793091756e-01
1.235894255676273534e+00
-2.216093179246814149e+00
3.139718982378927326e-01
-3.398720018495156592e-01
-3.334007743703166216e-01
-3.565191424441647716e-01
-1.753079760687632271e+00
4.734450630031101226e-01
-6.494879289740796979e-01
-5.590412661266839223e-01
9.343453492553118744e-01
-5.482576156599776596e-01
-1.115730610825853120e+00
2.276278744713413904e-01
1.020610835758035545e-01
-2.065230170970847379e+00
-3.425344668784920388e-01
-1.259667354869570266e-01
1.626581974244843409e-01
1.277286606630620769e+00
1.249739975799796454e+00
1.128946869512629458e+00
5.352241525425032176e-01
-5.063450736233422456e-01
-3.208041837375946170e-01
-2.696151154669801930e-01
3.249540745555286325e-02
-1.083298075987419902e-02
2.183968029249193366e-02
4.826374666767696553e-01
-5.831854034077456062e-01
-8.446424946826104341e-01
6.434865738113717537e-01
6.684171652684520737e-01
1.536140653669879619e+00
6.532164924431795860e-01
5.920260483480361824e-01
-8.607443796759689514e-02
2.442961819299277748e-01
7.436442298794602168e-01
-1.210523935760244196e+00
-6.334910722137945260e-01
-1.502308642654531234e-01
1.386241725659653312e+00
-1.775147574210836077e-01
1.264889437750112089e+00
-6.168171842799102800e-01
-1.224233401664337251e+00
-3.382166015651336122e-01
5.375366758476095991e-02
-1.310936769919338607e+00
4.617201574662798125e-01
6.259746022929771891e-01
-8.848312288158135530e-01
-1.532047272112684877e-01
4.937248477054248519e-01
1.042576164374180658e+00
8.819868925480552901e-01
8.300586532632076020e-01
1.810911185113059374e-01
1.283305118810983192e+00
-6.811897982020718167e-01
-9.236621720366099131e-02
4.945597701448344874e-01
7.189970286419925527e-01
-2.061094727245528502e-01
-9.172142769794554562e-01
-2.503127700117170340e-01
-1.405841363561218582e+00
9.737039507191935783e-01
-5.091111904903742325e-01
-8.937817972273776057e-01
-7.482057763834920605e-01
-5.230828759340063749e-01
7.374247929254031941e-01
-2.383220967810833812e+00
-2.167234468971896977e-01
1.292788875807760751e-01
-5.047303922010407673e-01
-7.090677626924443144e-01
8.883963741621544452e-01
-1.314066082676498715e+00
-4.031743667549567145e-01
-3.574676208033957803e-01
-1.186083594344187864e+00
6.982733040898133625e-01
-8.502589387249570585e-01
-8.527776240716296030e-01
9.215683367448006535e-01
3.600013551555822366e-01
1.239606558286682203e-01
3.634085925447234078e-01
-1.008697774015918092e-01
8.163071021367698243e-01
-9.371107990945642952e-02
1.233598007492532567e+00
3.120202064209375847e-01
-1.456673041655334844e+00
-1.035068235184701813e-01
-3.458353662045940413e-01
-8.543488815155338978e-01
-9.548529966118227130e-02
6.161656276228243412e-01
-7.757460406534810726e-01
5.596332158997224804e-01
-1.396135485558176181e-01
4.783202782047829005e-01
-1.568510039226220565e+00
-1.574205146694226176e+00
-6.046452654568708063e-01
-1.830076765968184249e+00
6.276773388900152018e-01
1.995522775739375643e+00
-5.791466961585288731e-01
-1.953319309080179478e+00
-2.551106078143137168e-01
2.176091130598062362e-01
2.515367865271868619e-01
2.576799527411142154e-01
-2.133667364543949230e+00
1.545057025632936842e-01
-2.014157493381991404e-01
-3.951284130042141962e-01
-1.586982553912779093e+00
-5.833756857734466728e-01
-1.010951861925571071e+00
2.735696979485662816e-01
8.425698775110603833e-01
6.150664941985130030e-01
-1.085904504380958840e-01
-1.189391561203362757e+00
6.005317005925029372e-01
1.231675596821566021e+00
5.500576248183813854e-01
5.184401984454395373e-01
-5.621975274346987517e-01
4.716897043742122042e-01
3.824303304475537013e-01
1.691415644527635820e+00
-1.152681659954608584e+00
8.514885982822902877e-01
5.323469665448854471e-01
-2.217720774918676974e-01
2.387052031650244432e-01
1.499346187668694208e-01
2.175776784043257805e+00
5.337550779540819468e-01
1.371137745511572748e+00
-2.087999427115661888e+00
8.726071577519899369e-01
4.688475719228307192e-01
-2.226626300539792311e-02
5.945784831801146364e-01
2.450514062016462269e-01
1.439767202393849477e+00
1.460183080163605318e+00
-2.182547809511466763e+00
-1.375904305997603494e+00
1.644128177302093707e+00
-3.743440036319268249e-01
-2.503882990072856529e+00
1.449460204597836643e+00
2.539529605736456364e-01
6.182776925046156169e-01
-9.226929367715255292e-01
-3.132450568388205903e-01
1.002050251637903067e+00
1.451851054411407826e+00
1.673881338656231677e+00
-1.749825170656899687e+00
2.517485559614949797e-01
-7.489800589702567679e-01
1.146329552720497746e+00
4.641849693923617015e-01
-8.048301109182369739e-01
-1.678487855866372280e+00
1.156166572345382226e+00
4.834515017350295429e-01
-5.804042554997785458e-02
8.775083407987721573e-01
8.813821960109146092e-01
-6.575329970889224329e-01
-1.016904983163603449e+00
-8.904279009421750546e-01
1.573108473056070933e+00
-9.193449435980369788e-01
8.078462594731335988e-01
-1.429288674496163869e-01
6.814061703207620058e-01
-1.827702463185787440e-01
1.096322182105800680e+00
-6.035976326222955990e-01
6.641901948682308321e-01
3.946445025685784147e-01
6.345496797209508877e-01
-1.205532005401095619e+00
-5.119205832585155269e-01
-6.666335323437784233e-01
1.770585760994469182e-01
3.860451832252253523e-01
-7.384959526423532372e-01
-3.790124945062014472e-01
3.791268753356032417e-01
-3.463388113479520247e-01
6.144830267731679618e-02
-6.290919434511855757e-01
4.248131217624993017e-01
5.513322106617956075e-01
-2.110182078777726122e+00
1.048735397735039099e+00
9.785445210390290027e-01
3.455802069200059057e-01
5.671829759923567860e-01
4.863905488119517062e-01
-1.144554333384364853e+00
-1.351695108657885447e+00
-5.985113917632315372e-01
6.378880715444000815e-01
6.396007348332106712e-01
1.384074567740962491e+00
6.510187904372780610e-01
-9.442014384299838303e-01
-8.539476654303769232e-01
-9.048867013132466663e-01
1.277436901355393450e+00
-2.240815983969710323e-01
2.567362246919607793e-01
-6.216013311437879052e-01
8.584342363297390310e-01
2.415685248710114585e+00
1.385844202817783311e+00
1.374894803944154864e+00
-6.389256426183150817e-01
1.299842833427291344e+00
-2.641032662704173584e-01
1.076795489169714237e+00
-6.153610259153308171e-01
-1.716332312026571438e+00
-3.552057309538138308e-02
2.617157823255034987e+00
1.779933839813384377e+00
-1.099152175444138457e+00
-1.948285202201216038e+00
1.559240573270283814e-01
-7.401433005427369149e-01
-2.696821922659622950e-01
6.532299651293667075e-01
-1.137173717224732927e+00
1.244376191140933008e+00
1.338340467569171244e+00
1.010784240503015408e+00
2.518837789201010535e-01
-1.421413428714964677e+00
-4.012992287247528211e-01
1.621411412380067363e+00
9.451069562686760239e-01
6.414864560950772621e-01
-3.890266429232232537e-01
8.773803809361202521e-01
6.990569656487308769e-01
4.671782684822912979e-02
-1.713866597829133420e-01
-1.751988046062382232e+00
2.090851816899849391e-01
1.081527893279138064e-01
-3.314781048557958187e-01
8.778536627844101270e-01
7.879877364551305385e-01
-4.406576987108661858e-01
-9.715044596293613832e-01
3.292405419681170009e-02
3.333308127573856861e-01
-6.924750021197239036e-01
-2.194391171903113946e-01
3.442291595638166668e-01
-3.957691131775554760e-01
1.100554135102472353e+00
-8.917727074758584616e-01
-4.327937559328791095e-01
-7.384247935962590234e-04
2.050829673871549907e+00
3.243059848419034275e-01
-8.298462382652957992e-01
-9.979274299805871440e-01
-1.525516082145861541e+00
3.082066090060290531e+00
-1.205600395574924905e-01
-2.600399164446973721e-01
-6.589716060536513487e-01
-5.532650038893983241e-02
1.721771553670486510e+00
-1.514099429293223498e+00
-1.798572617991590183e+00
2.038159876457455777e+00
-1.443705820526254069e+00
7.443951791416513197e-01
1.936113050221236032e+00
9.327370895506524873e-01
-1.138909074973758262e+00
-7.291107039511646182e-01
-4.163434905819507481e-01
8.490331482503331584e-01
5.868955031892034713e-01
9.337855095617288992e-01
3.628949253587710477e-01
2.427845920169742766e-01
4.057746764347604507e-01
-9.547158658090419969e-01
1.075267276006186101e+00
-8.766412593842740630e-01
1.239976240473200209e+00
1.517108060501634270e+00
-2.115494287254409134e-01
-8.397680307158896795e-01
-9.631041546054884828e-01
7.330477042514288444e-01
-9.418033491651555122e-01
-1.800536194030071702e+00
2.080091226819101857e-01
-3.978799505539861725e-01
-7.808818387165551433e-01
-8.099883991845370224e-01
-2.064838422746522462e-01
1.022823650385920269e+00
-6.419021478916442369e-02
1.314889321916921316e+00
5.813485616883638796e-02
-2.449924530321230531e-01
-1.392416774503798527e+00
5.940041921583395501e-01
-6.426064616933549467e-02
-8.084606149147725018e-01
1.473889590781001013e+00
4.018850794045384367e-01
7.067255262180374142e-01
7.716037130286088619e-01
-1.167140676377949937e+00
2.244923369434553617e+00
-1.665610168857521112e+00
4.474457879364871632e-02
-3.729701413374939545e-01
-7.113033128445614972e-01
6.592126728728548990e-01
4.472621992386069389e-01
-1.347605410332493259e+00
7.827957971215602218e-01
9.654483132775679710e-01
3.846750583406921553e-01
9.006683416240597595e-02
5.981778128285042406e-01
-2.635313963654880576e-01
1.669758634135504183e+00
1.788449810258799233e-01
9.325508227113555870e-01
1.386474173189104153e+00
1.269029454335332874e+00
-7.851891281947466217e-01
3.197798296474849700e-01
1.040895965809322199e+00
2.609148326976022392e-01
-1.392359034194651235e+00
1.450954587348138203e+00
8.200880562325669754e-01
2.884205781097025079e-01
6.473114403030822972e-01
4.470322796132540355e-01
5.210826963213626151e-01
6.904152816710361629e-01
-7.978873865259040743e-01
-1.216508734343497017e-01
-1.017355742259059143e-01
-5.237275281172096841e-01
-9.031281143592052585e-01
-1.004601327789517162e+00
6.266652722850186708e-01
3.140246865415542210e+00
3.836344851094556363e-01
-8.168034379112270038e-01
-1.169880565373428549e+00
-7.421585749221122630e-02
1.267828083803044903e+00
1.515838548139045061e+00
-6.053332569581056921e-01
1.615268354482163549e+00
-3.948518167677097512e-01
4.335781242608716668e-01
-1.806903645813577874e+00
-6.472231609481486903e-01
1.679886579097755739e-01
7.672228744499219877e-01
1.471309160140654271e+00
2.684375519297979226e-02
1.150025449887679629e+00
1.154767975407205993e+00
-4.771459126922306115e-01
2.473181305657983220e-01
-7.632411450935339126e-01
-1.306022198433882675e+00
1.172380371060662396e+00
9.920367688597270250e-01
6.797114084037298998e-01
1.470690342704918940e+00
-1.856379513487705246e+00
7.295646851709769454e-02
-2.478033626364433584e+00
-1.396692532688623145e-01
-1.228501755035690923e+00
1.951456914499697826e+00
1.115521472615401022e+00
-1.733936117820882306e+00
5.028768164700639920e-01
4.200589825442454517e-01
-7.299297612891821885e-01
-8.276601207205593891e-01
5.640226156073130381e-01
-3.767756069529294982e-01
-1.897060953375588888e-01
-7.786406672910879401e-01
-2.679409390524486456e-01
5.900613017152888107e-01
-3.521644532137012673e-01
5.807919418277038837e-01
4.372084180603853509e-01
5.196654086320223742e-01
1.187338572431946515e+00
-1.899551219155774850e+00
-6.521461803426356063e-01
-1.419203830808687172e+00
-3.146857706592569581e-01
7.343183270165123400e-01
-2.985466178341406596e-01
1.385669086914286696e+00
8.612461991315669696e-01
-2.640940120657008783e-01
-3.666889379456980125e-01
7.483313034326518620e-01
-2.300969932265298779e-01
1.888355346681382385e-01
-6.819201599887069198e-01
-6.019443813466474058e-01
1.820864386677537805e+00
2.284280148773320196e+00
1.900570516656883147e+00
1.048782661742718947e+00
-9.413417316374363963e-01
-1.421900196096086422e-01
1.349471377887675239e+00
-5.776224282844512059e-01
-8.949660889962186561e-01
-2.429503810534612285e-01
3.934298975419890376e-01
5.495299159476515483e-01
-6.768918401227005388e-01
5.657774570108003998e-01
-8.194845741001690609e-01
-8.042505188733303223e-01
-1.582085670401920607e+00
-2.817323075630911999e-01
-7.853998624299451947e-01
5.298184147724196436e-01
6.144700325607920233e-01
1.102142625447452895e+00
2.666818141109725815e-01
3.060614647430583979e-01
-3.915826246612993389e-01
8.559546044298701473e-01
-4.631323428923372343e-01
9.186556327532651167e-01
6.321350168713566475e-01
4.280471346337483829e-01
-4.376406391612419622e-01
-5.594806585337715882e-02
5.518236464061325730e-01
-5.134744409142391053e-01
-4.947198962671293665e-01
1.023142006481847055e+00
-1.355717901690515870e+00
-1.052535112139782791e+00
-7.213644928756102193e-01
-3.961863029234087841e-01
9.543272521475676395e-02
1.433540181413603509e+00
-3.103955334838366387e+00
-3.518474103028285671e-01
9.649734078158296313e-01
1.003118485905789559e+00
-2.891903986566005114e-01
-9.231965148891968509e-01
2.337435993031800940e+00
-9.877489030497406119e-01
8.596858055808684895e-01
-8.922525052322144434e-01
1.046625930671213123e+00
-7.943297807748775363e-02
-1.518910461945953472e+00
1.822830781943602929e-01
2.452615408202463709e-01
7.461287709874909746e-01
6.415157391701927780e-01
-2.799189488313199581e-01
-9.465932488542551371e-02
1.309047573965553601e+00
-3.131973895814841313e-01
6.110868545222761794e-01
-1.071182072461071666e+00
5.749880517406271707e-01
-2.906263472107485993e-02
3.658636393499806183e-01
-1.645114423848464957e-01
-1.317082053755759041e+00
-4.191738892301907771e-01
-2.088371337240750580e-01
1.250278100774172119e+00
-1.254875165292865580e+00
-1.780708859961285473e+00
-1.808245779350612092e-01
-1.248937291544544026e-01
5.609870900392841531e-01
5.001697795615078768e-01
1.808534890921372484e-01
-1.049328657600892889e+00
8.239968654959888283e-01
3.149718868738317079e-01
3.398658102416625693e-01
-3.588069819615488099e-01
-6.350205486742518390e-01
-2.559613526967550179e-01
-1.641305238577224435e+00
1.908867545511038433e+00
-1.326632563547096577e+00
-5.580086782892536290e-02
4.489776992604221362e-01
-4.531583151914387458e-02
2.540619292836829413e+00
-2.989442350860265774e-01
1.137033912795361923e+00
4.868981680092680508e-01
4.042474389720984163e-01
5.634377594254872390e-01
-8.421743713097399331e-01
1.232161244670611389e+00
6.390884840417057067e-01
-6.792201572391848297e-02
-1.460913534430987815e+00
-8.510636148564023618e-01
1.362632903540816232e+00
2.241154623643345278e+00
4.693594216331440916e-01
1.617854105241363971e+00
-2.833649860112520957e-01
-1.350514272254048076e-01
-3.132359901168834115e-01
-4.436971537594753268e-01
-8.158434278432831199e-01
-6.051929972262839463e-01
1.311657179679172724e+00
-4.134776992368568438e-01
-3.064481022010985267e-01
-6.606483638419943238e-01
-7.626666414474171651e-02
-2.505239826641587619e+00
5.531982549505348734e-01
2.100549327960692103e-01
-1.473581940003282076e-01
2.827727316175280503e+00
9.284473067164283888e-01
9.759289444137290159e-01
-6.866518949042026421e-01
2.226628610484797210e+00
6.919504885183301868e-01
3.019964614024909788e-01
4.110465550289016390e-02
4.485761370447153285e-01
3.857246681260153576e-01
-4.197287059411636267e-01
9.889090987120610077e-01
2.399593799480155276e-01
-1.893816812152322226e+00
1.122855476003838060e+00
-5.770084716461666430e-01
4.635343116397912522e-01
-7.245288389698010256e-01
-9.863999722703434836e-01
-1.337640021981692406e+00
-8.126159938708368280e-01
-7.526880545570572290e-01
-8.657782729244448694e-01
6.179360477481792013e-02
3.257520852389359511e-01
3.028295372412002084e-01
1.453667040656460574e-01
-5.045179777499044782e-01
-1.727194572084022051e-01
5.112780869639684811e-01
1.227121374424964495e+00
1.067732343618483570e+00
3.575236620310352498e-01
-7.104126760930598028e-01
-1.960273322830393017e+00
5.416339613913290219e-01
9.019867450521984464e-01
1.329817360181246411e+00
4.342465689138114149e-01
2.638005649866531632e-01
1.885149629821085471e+00
-1.400566090860592139e-01
1.978303779654754901e+00
-7.938968090568950808e-01
6.535631682171708645e-01
4.182925261120412075e-01
1.874530334281362176e+00
5.001406853452756707e-01
2.631558621742788873e-01
-4.154575815897878499e-01
-6.790249823907500426e-01
1.946598284495745512e-01
1.133375215457917751e+00
5.091972946262470767e-01
-8.831538532764916516e-01
-8.655450267195057279e-01
-1.246729979125869581e-01
8.474306532269225700e-01
-6.367652635997569366e-01
1.357647800595684462e+00
8.323937665381633266e-01
4.349075641735429265e-01
1.144342986973565512e+00
-1.775015935333621897e+00
6.772881596006793403e-01
3.244652141947834134e-01
1.492611617775336796e+00
-1.080016542275029412e+00
2.576476974154449096e-01
-1.807184503299680722e+00
-4.601182532018044946e-01
1.609970010240014515e+00
-1.812939088706018720e-01
5.651978227940643307e-02
7.511825672580458857e-01
2.042242422168729643e-01
1.440230190718103875e+00
-5.026195817627526763e-01
1.168124490883099220e+00
5.609071143226221912e-01
-8.113929549232967720e-01
-1.217349542435647476e-02
-5.521253398299860171e-01
3.019182828985246814e-01
-1.018611735305312793e+00
1.253834792508233598e+00
-9.213636578698403135e-02
5.910401380681013644e-02
-1.761469706619350983e+00
-5.778711301972715431e-01
-9.777317267909899773e-03
-1.936051823172853403e+00
6.761421537798960602e-01
-6.103418600884241707e-01
-2.898936897968641957e-01
3.354931662974133255e-01
-6.623641487548860285e-01
5.105175663877647985e-01
7.318391223932367851e-01
-7.883261769292229104e-01
-1.426927935734965125e+00
2.544123272952167336e-01
-6.561792651824073230e-01
6.499040690815212074e-01
1.430477905133674232e+00
1.207356160085841568e+00
-1.770687339003923222e-01
-5.073344245031352617e-01
-1.439452596088400815e-01
6.911236192535058498e-01
-1.715815487272832396e+00
9.640450700505941439e-01
1.577938989826966135e-02
-1.205636865266961344e+00
9.064864683168288861e-01
1.102901884809656119e+00
4.378336040544682506e-01
7.466207875680359596e-01
1.000413992920276662e+00
7.316983052545081856e-01
3.864141863360261442e-01
-6.949104633885301308e-01
3.118870487997078000e-01
-1.283417286213478947e+00
3.257697888163303968e-01
2.419452032617352422e-01
3.847081550486421420e-01
3.424123121912918122e-01
-7.323750807323059497e-02
-1.174228645218532652e+00
-1.288627891261084679e+00
-2.968901897386859168e-01
1.246366221330862389e+00
3.886948147867790304e-01
2.554048052955184001e-01
4.140562456743934194e-01
4.139518119330012347e-01
-1.701443474871410233e+00
-5.035364654292251094e-03
-2.712060322031245932e-02
-1.095378304458863861e+00
-9.333684143776868058e-01
1.358818763313361044e+00
2.864965591497534159e-01
6.970784526737320297e-01
-2.872508993548710809e-01
-3.880487433147054022e-01
9.114073609869859371e-01
4.997281669401772430e-01
1.053075592441634178e+00
-8.818249901271660862e-01
2.681515570016363911e-02
-1.162274619110911900e+00
8.406439868598727383e-01
-8.778281561419124523e-01
4.429069444011965451e-01
-9.185968171237204882e-02
8.251150025989855141e-01
1.174338270516028793e+00
-4.590258626261900510e-01
7.520486493885240042e-01
-4.618633292938777446e-01
-1.289301389305381296e+00
4.466505279369612502e-01
-2.112096812596241602e+00
8.671440282462404836e-01
-2.951646064674177117e-01
9.098301723481425629e-01
1.206217433493869562e+00
7.775773351211341666e-02
8.256979717572525690e-01
1.156450889674655480e+00
2.520832699500232255e-01
3.138406269398109072e-01
2.148189429697402453e+00
7.856625767065388288e-01
-8.179630161821952461e-01
8.241410048981997472e-01
-2.275970433956448602e+00
-1.137656109702309681e+00
4.550594535724565848e-01
-2.068132903221565067e-01
1.047007709848430057e+00
-1.080475744845494912e+00
6.440925263052840188e-01
-2.398646382760998563e-01
1.957190370535209833e+00
1.237032230889294704e+00
-1.097528761825721455e+00
-7.739742177342234797e-02
8.553158781112950582e-01
-1.450835903957732986e+00
3.766688265300274785e-01
3.929150881321297750e-01
-2.646212835165405730e-01
-1.588908378809704924e+00
5.406220791897482503e-01
-4.242518670952217241e-01
-9.507918294150150551e-01
5.483273669136623160e-03
8.083851496971313777e-01
-2.906461824603140953e-01
-7.929441675244603971e-01
-1.439640468119594230e+00
4.175207856479172808e-01
1.028034274279740146e+00
1.268432068294147452e+00
-7.449565736939817162e-01
-1.077601581267537467e+00
-8.290378334382527692e-01
1.318793758541969563e+00
-2.200672260550210257e+00
-1.617747955988970143e-01
3.363277131456232083e-01
3.572630760080665324e-02
1.439424463904482421e+00
-4.927962461217029744e-01
1.220058750000834413e+00
-6.042360304071949795e-01
-7.155240860674006997e-01
-1.934747697469126615e-01
-1.088581788641518056e-01
-1.667810389901218882e+00
2.726154549946861461e-01
5.634654686660639511e-01
-1.487465655408882537e+00
-1.333337420088645420e+00
2.162583217137138192e+00
-2.124889374080116244e+00
-4.813389762984177644e-01
2.832966230436785859e-01
3.332831927635198643e-01
5.293227210125884818e-01
1.258584474853965962e-01
1.243709933380997334e+00
-4.112520437042659766e-02
5.632797423592510455e-01
-3.121690575992806527e-01
-1.089392086406294036e+00
-9.251635649299634334e-01
1.284950609744373917e+00
7.101157384128978789e-01
-2.337920314754782236e+00
-1.506560050970127129e+00
-1.403441772990969394e+00
6.039796560480195087e-01
3.948870688675785168e-01
5.483216503212332560e-01
2.086545919421685102e-01
-7.474194883721470284e-02
6.738605838248750146e-01
-6.160468178857720911e-01
-2.527882708151183433e-01
-9.373933410517913678e-02
-7.617829791762288361e-01
1.469035422343741293e-01
3.503749877782729727e-01
1.387973277934871241e+00
-3.396310107843013015e-01
6.272400637012374158e-01
-3.194258910795865214e-01
-1.286076405563938208e+00
1.124345035122964465e+00
6.524690733220978034e-01
2.344033691143017517e+00
-6.083003930916615065e-01
-6.465219232824375162e-01
-1.350724761041435518e-01
1.184984593155828270e+00
-5.911411890594934215e-01
-5.098275212087508557e-01
-1.233571381311765469e+00
-9.227966455187111006e-01
-1.683752502756547420e+00
2.219537614072969234e+00
-5.969469164581788778e-01
-1.520644509418801027e+00
1.240893233035980092e-01
-4.464718446497489279e-01
2.006996619601520704e-01
2.046530484449225806e+00
-1.816518103265919448e+00
1.602033431978924671e+00
3.765655906084248161e-01
2.717581591763663651e-01
-3.823711902660294482e-01
-2.971363640767978737e-02
-4.778252842380638632e-01
1.591368308973056811e+00
-5.487339944348958998e-01
1.510181451853163992e+00
-1.616399958065881659e-01
-1.588014066144164627e+00
4.248782140001187146e-01
1.883732284658989342e-01
2.241695041228559948e-01
-1.556580268412538937e+00
